1 9407.44
2 6274.07
3 3581.24
4 2843.41
5 2591.32
6 1663.79
7 1344.66
8 1306.38
9 1052.08
10 899.558
11 838.689
12 678.154
13 626.274
14 585.822
15 541.122
16 498.149
17 482.417
18 443.984
19 406.231
20 379.811
21 374.589
22 339.982
23 321.63
24 304.639
25 300.519
26 280.688
27 268.002
28 262.686
29 253.43
30 240.455
31 229.66
32 216.111
33 215.239
34 205.505
35 201.439
36 199.186
37 194.365
38 178.942
39 177.859
40 171.803
41 169.676
42 167.069
43 153.595
44 150.526
45 149.395
46 147.493
47 141.536
48 139.404
49 134.27
50 132.16
51 126.757
52 124.214
53 122.091
54 118.73
55 115.067
56 110.634
57 109.767
58 104.753
59 102.72
60 102.061
61 100.162
62 97.9672
63 96.5861
64 93.9833
65 92.9909
66 90.7246
67 90.5028
68 89.3647
69 87.4178
70 86.6858
71 84.4724
72 82.6219
73 80.2013
74 79.4796
75 78.2201
76 77.3793
77 75.3705
78 74.8754
79 73.8408
80 73.3649
81 71.6937
82 69.3711
83 68.8037
84 67.9973
85 66.2639
86 65.7061
87 64.1186
88 63.1339
89 61.8646
90 61.6073
91 60.6118
92 59.8949
93 58.9738
94 58.0375
95 56.9694
96 56.6614
97 55.6546
98 55.1395
99 54.3325
100 53.3446
101 52.9191
102 51.8965
103 51.3701
104 50.1563
105 49.6053
106 49.3254
107 48.7195
108 48.4908
109 47.5597
110 46.9236
111 46.3159
112 45.2375
113 44.5734
114 43.9428
115 43.6543
116 43.1692
117 42.6128
118 42.5776
119 41.5938
120 40.9492
121 40.7635
122 40.2467
123 39.7888
124 39.5956
125 39.1727
126 38.9003
127 38.3709
128 38.2828
129 37.9647
130 37.7665
131 37.6822
132 37.0584
133 36.5088
134 35.7651
135 35.0828
136 34.8657
137 34.3921
138 33.9664
139 33.597
140 32.9981
141 32.0631
142 32.0588
143 31.6317
144 31.017
145 30.7777
146 30.3576
147 30.3039
148 29.5403
149 29.4034
150 29.1642
151 28.9247
152 28.6237
153 28.319
154 27.4654
155 27.0093
156 26.9363
157 26.6936
158 26.2046
159 26.1283
160 25.7261
161 25.3013
162 25.1251
163 24.5229
164 24.0797
165 23.6165
166 23.6594
167 23.3493
168 22.9629
169 22.7281
170 22.1507
171 22.025
172 21.8509
173 21.656
174 21.2964
175 20.8441
176 20.6323
177 20.2907
178 20.1769
179 19.9752
180 19.6358
181 19.3621
182 19.215
183 18.4554
184 17.9934
185 17.7766
186 17.5999
187 17.0946
188 16.2734
189 15.9865
190 14.9695
191 14.4466
192 14.0606
193 13.5116
194 12.9239
195 12.4104
196 11.7287
197 11.1829
198 9.72642
199 9.07491
200 0
