200 1
9407.436650
6274.070563
3581.236569
2843.413321
2591.324864
1663.790750
1344.662800
1306.383998
1052.080368
899.558403
838.688589
678.153574
626.273670
585.822443
541.121525
498.148502
482.417052
443.984367
406.230688
379.811434
374.588551
339.981802
321.630004
304.638802
300.519308
280.688081
268.001894
262.685791
253.430106
240.454832
229.659684
216.110895
215.239231
205.505216
201.438649
199.186292
194.365297
178.941736
177.859307
171.803092
169.675987
167.069182
153.595010
150.526013
149.394607
147.493147
141.535705
139.404205
134.270435
132.159577
126.757016
124.214321
122.090906
118.729627
115.066715
110.634217
109.767196
104.753077
102.719609
102.061017
100.162498
97.967217
96.586073
93.983296
92.990916
90.724585
90.502828
89.364744
87.417846
86.685766
84.472402
82.621889
80.201270
79.479551
78.220085
77.379299
75.370462
74.875396
73.840789
73.364884
71.693651
69.371103
68.803742
67.997263
66.263929
65.706117
64.118620
63.133885
61.864596
61.607306
60.611757
59.894930
58.973832
58.037502
56.969444
56.661422
55.654613
55.139520
54.332543
53.344568
52.919094
51.896457
51.370133
50.156284
49.605291
49.325392
48.719502
48.490833
47.559691
46.923642
46.315911
45.237499
44.573421
43.942795
43.654286
43.169248
42.612809
42.577643
41.593790
40.949189
40.763514
40.246746
39.788843
39.595643
39.172688
38.900286
38.370851
38.282755
37.964695
37.766478
37.682154
37.058395
36.508829
35.765051
35.082842
34.865747
34.392085
33.966445
33.596994
32.998107
32.063054
32.058838
31.631704
31.017016
30.777710
30.357643
30.303870
29.540328
29.403390
29.164242
28.924713
28.623731
28.319008
27.465395
27.009302
26.936273
26.693646
26.204597
26.128270
25.726076
25.301319
25.125074
24.522922
24.079652
23.616494
23.659387
23.349311
22.962896
22.728060
22.150677
22.025031
21.850924
21.655963
21.296351
20.844098
20.632296
20.290749
20.176897
19.975185
19.635798
19.362104
19.215001
18.455416
17.993375
17.776628
17.599935
17.094558
16.273416
15.986462
14.969538
14.446616
14.060584
13.511605
12.923947
12.410371
11.728700
11.182866
9.726418
9.074913
0.000000